3.0486682799625194E8
3.0486682799859667E8
3.048668279926162E8
3.0486682799928117E8
0.003743444107047663
0.00913253845135742
0.00891494076129673
0.0029020339265421534
1141251.9335259679
1141251.9329125043
1141251.9357719026
1141251.9319046794
1141251.9319046794
1141251.9319046794
1141251.9319046794
1141251.9319046794
1141251.9319046794
1141251.9319046794
1141251.9319046794
1141251.9319046794
0.008349754089122655
0.002563648824685709
0.008446017921540407
0.00184291450264909
62857.480781517
62857.48614613559
62857.48614613559
62857.48614613559
62857.48614613559
62857.48614613559
0.002229996179483179
0.007738403919024964
355.9416601025385
0.0051003409293547165
